10,219
10,8
10,237
10,165
10,66
9,4
9,6
9,2
9,3
8,14
8,6
8,9
8,8
8,16
44,5
44,4
44,3
44,2
44,1
44,0
41,4
41,3
41,2
41,1
41,0
39,3
39,2
39,1
39,0
38,5
38,4
38,3
38,2
38,1
35,4
35,3
35,1
20,3
20,2
20,1
19,3
19,2
19,1
12,3
12,2
12,1
11,30
11,29
11,28
11,27
11,26
11,25
11,24
11,23
11,22
11,21
11,20
11,19
11,18
11,17
11,16
11,15
11,14
11,13
11,12
11,11
11,10
11,9
11,8
11,7
11,6
11,5
18,1
11,4
11,3
18,3
11,2
11,1
10,316
10,314
10,312
14,1
10,308
14,3
10,305
13,1
10,304
13,3
10,300
10,294
10,292
10,282
10,260
10,227
10,220
10,199
